506.174408 450.944214 565.782227 114.298645
99.596809 359.307556 73.515564 413.858826
164.269714 398.007080 496.723999 239.802261
135.648987 162.671616 84.759720 187.066925
230.188141 537.609192 409.046173 114.663597
413.707947 83.174286 168.474472 293.716522
638.842468 64.878151 602.343872 120.955040
646.669983 331.405975 124.481094 177.031265
403.671387 152.403381 387.217316 194.099655
525.617920 206.768478 514.203735 257.764069
219.260483 356.201111 252.296005 343.344666
508.319855 205.742752 498.703278 253.676468
473.894958 223.911774 466.890839 273.747467
464.436584 76.506561 438.876678 118.500397
112.760208 348.627472 88.834114 403.049347
115.788872 285.123627 95.311897 292.021393
290.985321 291.083405 287.151855 339.058350
525.566162 209.739380 514.885132 260.715546
139.839691 197.693832 96.217682 228.935379
120.627975 172.047714 65.639297 195.786270
194.974457 265.679962 173.406296 308.983582
464.871796 287.580627 466.242523 338.956635
360.254944 287.184235 360.458466 336.302856
135.402130 300.228302 80.698135 329.984253
176.070099 165.868958 133.919159 192.441025
128.805420 65.682411 63.154789 73.844673
173.579712 289.107788 152.283417 335.149506
127.222878 216.448746 82.591789 249.721359
72.608696 384.027802 44.718540 445.203461
166.430878 236.787170 134.486862 275.449493
459.340790 237.686707 454.887390 287.862305
60.773876 290.127502 27.208609 108.855713
175.832687 247.113617 148.752182 289.033478
239.031982 298.762695 228.271881 346.761322
329.683777 245.890472 504.874786 452.250977
105.574776 333.392914 76.703583 385.149048
237.446167 295.300995 336.208588 338.071838
67.761398 505.589417 96.011787 216.380905
100.637886 192.129181 45.040787 220.685699
157.738861 358.976166 353.541931 400.698120
469.709076 178.020691 641.611938 404.496582
194.347641 289.993225 264.834534 401.384460
126.681870 202.566025 79.843544 232.931793
102.831970 343.763611 75.761192 395.655518
636.396118 83.617203 602.055969 142.029037
64.000610 464.142242 48.373081 538.472351
479.819611 373.552307 491.278931 425.536407
77.655556 339.387268 40.690918 392.389069
473.025970 165.268250 458.594360 212.474152
703.371033 249.559326 353.585693 404.616150
118.075966 538.911072 511.602844 459.300568
89.474121 336.822784 56.183342 387.663116
177.627914 60.042282 389.087097 209.839874
313.582458 532.809143 247.187485 242.811569
170.284958 124.117516 141.780960 415.566284
103.032074 102.532082 30.555370 109.769615
64.300522 488.467133 521.888611 264.790375
104.115204 420.230011 441.082550 109.257080
43.252514 107.021164 59.873253 69.636444
414.376526 383.834869 111.675781 113.253517
268.428253 171.609711 54.526398 66.380135
89.461235 148.420288 365.608490 343.291016
84.750977 190.187897 23.148781 217.053329
660.586487 344.556915 650.547485 396.804199
454.097931 82.401421 429.732422 122.070175
492.349823 224.693375 485.196533 274.489288
656.923828 108.114471 622.401367 165.533951
538.993469 63.120522 385.136230 414.206177
247.013794 270.303284 234.103119 316.037048
96.643929 387.041443 74.767159 454.147400
165.100479 183.550369 301.230377 398.465729
246.888702 292.266510 238.523865 340.053436
189.519394 260.081421 166.616180 303.015778
91.920097 184.497925 31.561550 208.086365
152.847000 250.402435 120.938103 291.227997
707.951416 225.207764 521.504822 488.739105
707.269043 203.832901 675.847900 262.470673
641.741699 284.856873 602.169067 139.356659
89.804642 284.544159 49.261501 328.168304
694.897400 300.337280 23.843397 213.690842
96.875755 244.505600 477.738251 149.449738
138.615768 331.147430 116.486694 383.014893
246.294098 288.266937 237.798019 334.882050
234.664993 274.909729 192.277817 321.213867
237.143066 299.299622 227.847977 351.465088
610.542786 288.023132 211.875244 338.982422
99.637848 392.053833 76.286247 449.161469
478.161957 448.849762 479.640594 223.385651
69.277618 373.922760 38.656837 433.821350
312.557007 201.784760 297.236542 242.379318
39.361309 253.246567 174.277802 416.015717
134.859344 82.939766 70.268639 91.641060
172.495743 75.918777 451.158325 235.723450
181.872437 117.029663 132.751694 137.435898
482.010315 244.785965 119.917191 294.711395
71.438187 222.259476 14.093297 253.953568
247.265121 307.173065 241.305435 357.183868
108.749123 160.881577 48.298969 181.501083
244.798401 274.832306 207.023895 320.160828
475.841705 422.947510 494.037384 476.242249
56.564178 556.565918 574.775635 397.369080
372.187805 244.463318 367.138794 290.580078
147.997177 264.108276 117.725693 306.126282
505.142395 389.875854 567.681946 318.157990
593.077820 387.612610 596.999390 438.945099
109.421928 181.278320 54.638466 208.030884
338.360931 237.019470 19.694601 326.674133
474.136536 57.615578 447.413147 97.356003
509.600983 220.407883 500.710052 270.950562
618.792358 499.022644 631.648132 544.678040
662.297729 317.811707 463.821625 199.794342
85.076233 188.125900 59.363441 197.426956
385.425507 174.337784 499.802368 272.160889
210.608810 255.113907 36.690868 105.955505
492.969147 175.504425 480.579529 225.639984
120.539558 272.570862 84.550331 312.528809
323.335236 379.073944 334.007507 434.555786
670.218994 327.679749 658.170349 379.376251
122.222961 160.888611 67.001251 184.698883
90.241974 202.887253 35.160088 232.577774
656.453247 322.646729 644.860291 375.888672
352.979279 270.039215 233.909912 317.913391
54.004524 232.349121 124.963326 289.330109
163.154938 182.654663 121.692986 208.861496
609.142639 495.906860 622.784424 541.970337
16.020067 80.887016 23.997091 211.525681
100.030632 334.748077 75.652405 385.265381
572.964966 69.810196 272.182159 368.672882
632.088135 71.817818 473.348969 374.782257
150.727539 125.755844 96.499146 144.143341
183.431244 162.516220 70.072311 502.253906
177.995895 269.506287 153.104019 311.442413
349.078339 281.953644 348.905884 330.902679
56.979889 206.271378 600.371460 161.341873
61.906986 341.919403 22.142378 395.239655
277.777588 350.702332 281.157776 404.726532
310.966125 292.114166 307.969147 341.006927
49.767250 519.418945 597.530457 409.268341
89.843048 446.052795 77.811852 519.986328
246.125549 358.188538 247.574081 412.150208
349.454376 285.870209 349.120544 334.308136
657.778198 302.849243 22.083311 240.117279
208.895493 301.959198 245.451462 411.476593
52.696022 102.750031 312.441803 249.631271
324.123627 283.660400 300.655823 331.898407
481.446045 484.328979 507.801636 536.498291
133.918549 310.826141 108.717529 352.966064
366.719299 305.293213 252.723099 363.518738
123.754120 233.827362 82.468636 268.738159
542.197266 251.748962 65.193550 66.314255
170.296936 302.081848 152.266708 349.594910
114.744972 83.775566 44.430256 90.956482
138.381699 86.216415 75.649025 93.276848
244.215698 325.038544 238.899673 377.168488
89.905243 92.396767 81.014633 267.990845
234.649185 318.806458 227.881592 369.766113
162.652161 166.516708 118.857132 191.667984
135.630005 291.577759 107.517395 338.803009
314.123596 54.556477 474.691864 297.495850
159.899750 198.582809 116.287758 232.207794
27.641981 342.646820 116.552429 185.773087
38.147797 474.290985 305.132690 244.545990
435.894043 363.083252 89.241776 413.557861
384.158203 290.225128 447.770599 281.479126
471.505371 468.505524 316.659210 358.334808
553.836060 427.776428 621.239746 345.384125
104.157013 318.688263 71.286942 368.567688
107.812759 272.682617 69.575920 315.310211
359.379089 253.236923 92.536873 173.356598
89.289543 367.056732 62.955482 425.864594
571.289185 307.778015 568.221863 360.838806
326.666351 64.881142 292.212036 91.006287
492.974823 108.158165 470.892731 153.639038
199.332642 349.775482 193.055099 402.464386
672.687744 79.908585 630.520203 134.352219
165.069427 171.511002 122.667686 202.277130
73.339378 169.886932 454.069183 164.472839
516.713989 438.584625 534.278564 490.923462
587.542114 84.102661 555.878357 136.898636
516.434753 256.590759 80.497681 349.713013
172.882370 259.940308 144.937073 299.144196
538.144409 493.672943 563.462524 296.667572
488.499939 247.067154 483.897919 298.055573
147.451111 267.909454 118.569710 312.021332
280.420380 354.206207 284.991516 409.098572
506.542572 111.243988 484.009460 160.820251
521.094360 350.256378 523.258728 403.430115
51.325615 74.703575 550.243591 322.333923
199.528503 261.112915 178.804703 304.427368
578.474915 238.488876 566.710388 291.660431
628.389648 315.821686 620.168274 369.059296
443.777222 274.956329 443.724884 324.918610
565.179871 360.432190 568.685974 412.622284
125.738586 317.617065 460.318573 164.229538
70.009338 369.066406 39.170357 427.408356
42.994667 399.451172 662.317261 110.493027
80.177444 387.886749 53.389938 447.980469
404.500427 464.341766 60.492680 368.599609
490.607056 168.347458 477.271057 215.316833
54.925476 303.407074 55.497528 556.011230
608.206726 380.608826 609.209900 431.757812
169.876999 349.678528 158.946289 405.610870
489.305176 165.121841 54.482155 187.883240
62.724014 325.338470 22.833628 381.766296
149.822723 198.980759 108.492561 230.863831
339.949799 300.011292 340.938568 347.674164
475.828613 393.214935 478.846924 246.334305
119.954216 309.906708 89.935463 357.266815
113.293297 66.653328 32.499443 72.482475
357.557831 357.980072 320.511108 262.007965
559.013062 313.460663 75.287292 182.015244
492.652954 165.367188 481.843750 262.610321
260.852325 274.812103 251.236313 321.657562
477.394318 53.227531 448.190582 93.840523
488.901184 150.136932 452.235107 253.687256
356.174286 62.474663 324.685791 92.035011
332.650604 337.313416 339.623444 390.460052
689.983582 310.513214 671.749451 364.139679
457.788818 85.980766 434.560425 128.131943
508.693420 120.066483 481.219543 261.632721
189.103287 283.464447 295.773651 434.036865
149.955521 63.847034 84.260010 70.182022
543.126038 224.970154 533.729858 277.025360
205.761215 265.688507 185.837280 308.931580
206.605362 86.672432 50.618732 393.297058
511.036530 174.536652 496.770721 224.196884
166.010117 311.640625 148.460205 358.704834
370.627869 280.599762 118.470787 334.044678
120.081131 335.835876 93.984642 386.129364
373.805359 164.863281 357.543823 205.226547
380.965424 206.013351 502.005615 330.344116
485.040833 435.453003 504.180725 487.871399
185.449921 277.228973 166.481750 323.780060
450.965881 346.198090 344.969238 361.575745
525.820129 311.767395 526.752502 364.191071
486.995636 402.461273 467.920074 356.228668
159.599411 237.597427 125.138649 277.783417
314.678619 355.748688 139.030350 426.764893
247.287247 353.658478 283.918243 401.121429
455.172943 177.311386 443.650177 225.417633
238.042938 262.164246 622.213013 415.405304
674.134277 316.850922 419.987000 93.625664
526.095947 564.200745 566.290466 234.116699
188.453278 210.077286 157.331589 246.564362
449.181000 112.411789 435.487640 244.460983
335.533783 264.799438 329.423218 310.770538
690.311951 333.236359 675.744019 385.472717
306.133728 265.563782 298.415863 311.382324
87.026016 385.029236 64.203705 445.201019
506.547546 409.067749 521.198181 462.760132
651.158020 126.830055 626.390015 114.539299
476.401459 79.260147 451.107117 121.779289
168.387604 218.066986 132.743073 251.386261
526.268982 550.444763 565.053223 365.634308
527.693604 312.268555 528.572388 364.752686
116.272018 215.897324 620.648682 149.801147
475.325714 179.260010 462.687958 227.414017
154.255814 76.050407 92.199715 82.961227
34.947273 367.967590 658.207703 68.763474
472.987152 236.476151 468.037598 286.228668
230.415375 345.007538 228.485947 399.294495
61.200653 120.095474 447.899414 211.132675
262.376190 246.184006 248.499954 289.922333
494.270172 187.967270 482.384369 235.912964
328.122925 318.283264 330.837524 369.211853
82.656677 389.572327 62.915302 444.686371
270.676544 355.929840 682.297241 303.059082
293.188995 262.171417 287.783386 306.764954
463.774353 160.087738 448.846466 205.952301
304.152313 164.557739 282.343903 200.337631
444.177277 249.566147 440.863220 298.740356
477.830048 276.873352 477.078461 326.837677
442.288116 193.077667 524.946472 463.492340
203.817444 157.892685 166.431641 185.440979
359.160034 337.828247 367.457581 390.538300
438.859497 93.225945 267.464600 84.246239
497.088226 549.385986 465.638123 433.164154
144.341629 284.348114 84.675285 306.899384
82.635475 418.023743 63.805031 485.978790
474.337982 238.624619 469.868347 288.054138
613.331299 346.434723 609.122437 397.552307
536.438232 455.800171 553.486206 501.840546
382.569000 58.983639 352.118988 90.841629
459.125092 215.091354 452.562500 251.247925
113.519875 290.138306 78.758827 334.814362
188.999313 273.721771 170.283386 317.740143
101.485306 327.101898 58.811951 216.851776
187.205704 63.132885 129.192917 72.637573
615.776184 228.943878 623.938110 258.979401
125.767487 314.184357 475.105560 418.903900
228.834412 279.798615 214.484344 326.903351
90.054001 424.025024 56.055893 462.152649
502.926453 371.086975 447.560730 187.618073
107.263100 301.473511 73.179436 348.430878
569.592041 334.810760 568.077209 380.565643
533.374756 532.928711 379.878632 426.493011
572.275574 344.268158 571.388306 393.217499
147.410477 60.985420 81.419876 66.770538
287.106781 332.694336 289.537842 384.887695
559.323792 220.841568 594.337708 142.146393
21.474854 487.434174 610.741211 133.296860
493.366119 152.608185 438.736603 272.930084
680.536072 63.949047 637.449646 121.905869
557.732788 288.684052 553.193726 341.128143
359.662567 265.204315 72.258614 335.508820
479.561829 460.425537 501.793518 515.746887
144.224213 287.858093 85.132851 302.869598
408.637604 89.082146 383.677643 126.408501
378.287506 316.404602 382.749634 367.577423
464.481354 365.860809 477.268646 419.538086
511.557983 395.504852 524.041382 447.947144
424.964874 362.015411 78.184700 140.549469
475.763550 86.709534 452.223389 128.618500
285.625031 331.241180 287.507751 383.217773
150.931061 338.989014 136.993591 392.800873
132.295547 266.023773 99.348656 307.706848
86.039825 173.528809 76.664894 475.761169
245.002502 391.435974 250.951508 448.389587
210.784363 386.419006 150.411758 449.346222
500.855988 312.008759 500.713715 365.872559
184.626312 389.214478 181.307220 447.127319
100.506714 272.037994 59.728657 311.333771
128.358154 235.264206 86.981400 275.681366
54.671535 544.403687 228.603607 324.362976
234.934998 358.880371 331.776794 305.236267
502.176636 525.188049 468.990570 260.355164
90.706207 73.027260 98.792130 325.182343
534.652405 325.716431 536.510437 378.098846
93.691383 411.328644 76.615868 479.469513
441.805389 341.059723 248.642624 368.597687
108.389206 149.198181 46.163437 169.191757
234.336716 411.116669 651.354919 359.221832
128.519440 76.474007 336.471588 292.889221
315.583862 241.912445 307.264221 285.614563
262.522797 378.796997 268.248260 432.589752
340.169708 316.852020 342.957123 366.934174
101.884712 269.963623 60.201351 311.017090
462.985168 298.677094 465.784546 350.485809
103.249512 90.098763 626.118713 374.397766
273.655457 304.263306 270.277252 354.051697
368.256805 248.688171 437.129730 217.161453
143.043716 117.621323 460.297455 350.656464
192.463562 161.937149 153.023941 188.608612
271.960052 305.865997 270.626648 355.915558
350.289978 104.548889 324.368134 137.339401
358.302490 83.334076 329.418335 114.723602
46.768547 411.979797 17.910023 478.147430
141.841019 380.013794 131.187149 440.343994
503.726990 205.104828 493.137848 254.925781
129.075165 395.100342 108.926857 388.299622
536.086060 473.693787 562.990601 555.235168
261.370636 535.280884 313.452789 263.518188
666.397583 311.332397 652.794739 363.624969
142.618896 274.570587 112.954597 318.435303
503.740997 331.172638 506.123383 384.071655
327.047028 282.696228 323.010681 331.668091
650.045288 80.067902 356.690765 325.763550
194.503448 164.884308 155.659683 191.755539
209.342682 388.862091 210.881607 447.896423
164.436615 371.003113 357.039734 350.929321
507.917328 280.363647 506.207581 332.267090
142.894867 279.494263 38.321331 130.956482
362.877960 49.692715 55.513817 180.225342
304.528412 310.949219 324.745789 342.577515
434.429749 256.006470 599.368713 218.473328
304.847260 161.531876 283.156433 196.689575
131.729065 325.324768 109.544556 376.046478
447.127075 180.832001 434.676453 227.202118
533.316223 328.399872 535.017090 380.766663
488.494995 382.968811 500.384338 435.836426
472.540375 211.124283 463.811493 260.541565
456.145813 188.016083 445.230255 235.786163
436.270538 353.200714 446.734833 406.292328
291.787537 386.839447 302.081818 442.051605
590.123230 404.133301 420.864441 130.792740
165.932510 255.864212 138.378357 296.619202
588.184631 198.276276 570.938904 250.019226
522.203003 442.138824 540.364319 493.610107
484.667114 220.557098 476.390686 270.017517
148.230988 76.266884 86.891029 82.134644
538.727356 503.642242 495.714569 192.816895
175.765366 284.228668 323.819641 395.051636
660.985901 116.699120 628.077087 174.061172
638.724976 266.040009 502.365265 220.521652
164.157440 199.565399 125.396988 229.070053
262.249176 240.386963 247.450073 287.488647
125.828201 522.964539 235.877213 292.138611
369.039276 149.293793 351.027466 189.211700
126.453110 506.119598 335.455078 143.359711
216.199814 359.195801 275.352509 384.229767
361.779022 69.973640 330.669312 100.115257
558.739624 317.263519 323.885529 108.022682
227.560730 262.453918 211.130173 307.010437
488.792755 53.158016 460.989227 95.625450
568.317444 331.608307 422.018341 109.631432
516.360535 445.893555 534.079041 497.893616
510.269897 451.018127 628.201904 314.628143
20.543982 346.701202 279.016510 328.467865
331.954498 230.320328 447.947601 400.572418
339.248138 401.079102 354.319031 457.742188
156.102493 235.375534 123.001900 273.858521
414.312317 378.219055 442.790955 246.054947
640.540039 361.317535 471.266174 141.168060
100.481697 417.976746 86.642746 483.782013
506.346527 416.931305 522.109863 469.316223
220.459351 354.166779 326.845825 398.608704
56.045784 334.776733 58.222191 438.704102
59.074165 473.564240 44.412216 548.938293
653.488159 57.443321 618.702332 116.107010
521.439697 222.935730 512.811890 273.287994
607.826477 81.424103 577.666077 133.832733
218.185379 385.274109 125.576569 168.104050
81.708229 373.950317 53.775631 433.118286
369.415588 164.999298 353.487335 205.649384
502.856567 272.217102 500.411194 324.086212
290.436584 311.355591 286.440247 362.357269
567.346863 328.704437 544.252380 288.122742
595.824036 108.253258 286.159302 353.066193
276.532440 357.186859 161.406876 265.890198
151.291718 210.667099 110.309860 243.621201
563.333252 262.223907 555.619141 315.163879
214.745346 281.640839 199.496719 325.903290
466.709167 96.649864 438.721405 137.935471
449.250183 265.839966 148.902237 214.074951
595.047363 191.927765 581.356018 252.026428
199.116364 323.396881 186.652313 375.727844
438.434021 346.540771 447.630829 396.399841
542.855408 233.022141 533.623962 284.953674
353.754272 317.017212 357.739044 368.802216
262.733856 343.172272 264.192291 396.112793
370.861755 318.036499 375.838684 369.309265
33.024994 508.823181 321.247864 123.109154
54.874104 384.903137 21.976225 446.647675
193.250931 311.131714 630.153442 399.844116
170.934860 205.517456 134.909714 239.849655
279.255646 261.843719 474.175690 207.272324
514.566711 146.828964 445.089783 143.068939
217.921814 236.120377 241.696823 235.177094
261.163330 185.022385 238.334976 221.818390
626.007751 70.457947 278.504059 92.995590
280.494598 271.842682 273.354767 317.959076
494.112762 290.262421 116.299149 276.090881
85.266754 426.987061 438.132080 189.799683
511.133911 98.346039 541.074524 310.356781
464.394897 350.975159 471.841858 400.984619
245.560959 320.451935 231.323776 302.743866
446.748901 360.394623 457.603516 413.846985
384.201538 347.951233 125.280441 258.524139
104.917572 287.698883 66.976944 332.108337
93.000603 134.069946 26.051970 407.107513
456.914856 361.220337 467.303406 412.860138
584.977478 445.195435 94.266197 343.028534
335.545074 275.960205 332.860046 324.053619
261.322388 240.416016 246.875900 283.432098
143.982574 331.303650 124.000801 383.624207
280.340027 406.881073 292.681824 467.556915
50.194244 129.305679 134.021942 154.935165
179.453049 197.623093 290.633881 301.227417
526.008911 300.581207 514.022644 335.061462
301.229279 232.538544 291.034576 278.085571
481.201233 384.889984 494.828400 437.771820
474.116913 398.184479 490.230194 453.811462
61.035480 545.716797 61.646564 325.254028
337.891998 287.149139 216.953354 408.200958
215.601944 352.937317 211.195953 409.690643
303.716370 343.856628 141.983490 328.140228
415.052307 91.266296 390.018280 129.124924
544.195862 234.196854 535.719421 286.412811
587.358398 187.075134 571.248718 246.464050
283.521942 270.778625 627.203308 127.376244
370.851410 157.025299 354.079681 197.242371
311.817352 208.394730 294.227081 254.869034
84.886360 403.043121 64.901428 469.446625
80.821274 445.272888 600.500916 331.481750
506.959045 134.735580 275.248291 298.712952
572.859741 220.206894 558.564697 273.820404
311.668884 345.918823 317.753784 398.988831
632.400452 98.097153 532.977112 109.094582
507.344452 435.998383 310.174530 465.731689
476.816162 299.649048 478.502258 362.545441
116.196487 147.690521 56.820137 166.780640
127.096718 237.357162 87.008606 274.488770
56.890739 469.825043 59.064167 276.518616
417.558563 557.568176 464.721466 326.339417
97.266541 330.648438 64.568230 381.867828
494.181976 445.245087 513.327637 498.295776
285.459198 252.080978 275.483582 296.345734
330.173370 530.307068 88.783363 486.008881
519.680664 237.857971 511.868774 289.064178
652.811951 365.246124 103.032372 334.918671
443.450226 97.594925 597.400452 173.637726
448.923096 297.088837 444.822174 266.975922
595.154907 244.053085 110.906425 160.798355
268.369568 241.681839 253.999832 284.828186
221.414734 388.441528 290.548828 326.675385
464.207306 141.876419 449.736969 183.924088
281.327301 269.871765 273.960938 316.037872
653.403931 289.293488 635.399414 402.095276
653.855164 197.191376 628.819153 252.452118
393.653809 398.397491 399.849121 448.951508
521.123962 173.539825 508.629913 225.130524
144.711380 383.962341 168.885864 431.183044
418.778229 380.739990 432.716095 435.128052
185.147186 310.092224 146.011230 254.930054
177.264648 233.596817 148.434616 274.511322
601.987976 338.972290 599.594055 392.006317
648.815491 149.194687 600.835999 486.088104
189.254532 278.284515 60.876404 437.353271
418.730988 357.830078 145.603729 183.031387
370.135284 279.343414 369.036102 327.823334
364.769470 309.887726 368.807129 361.923676
42.906364 514.832458 517.288940 483.602875
284.238373 268.994751 276.016937 312.798584
639.667847 298.417297 627.796936 351.936462
480.010803 379.016510 481.145874 406.883148
478.197723 466.759003 502.011963 519.732300
287.224182 263.986938 277.703491 310.795959
631.814636 106.206429 434.389679 242.192688
217.366837 356.649933 215.873291 411.119659
160.536682 220.212692 124.709557 256.195068
79.117706 64.795670 689.872986 289.690552
59.240582 301.131683 392.563812 137.711517
502.374359 184.427780 306.588867 294.431763
334.874329 246.838760 327.833313 292.628662
311.111786 271.350647 557.221375 376.785248
385.394348 304.676697 552.867065 554.557007
106.087791 233.176300 59.116795 268.087646
348.068817 264.159027 127.626068 375.952820
138.767334 215.596207 97.815620 249.280075
665.338989 74.057884 38.498745 183.068512
102.003525 226.343292 107.979706 60.071140
195.635040 376.843323 267.991241 430.744781
643.592224 78.252434 607.676697 134.285965
592.671326 180.240051 572.977966 233.668976
426.161743 385.983795 352.627991 316.927582
288.392517 308.052521 286.419525 358.144714
194.709045 158.201218 155.841782 185.680634
476.467896 198.573547 465.481689 247.820007
696.150146 341.808746 274.117828 193.027924
210.163986 408.630554 225.958420 468.844086
442.256042 169.724762 426.742554 213.523346
145.179367 159.694992 452.093842 395.156799
130.759781 190.924652 83.015778 219.226395
634.098877 252.312775 621.755188 313.555023
466.283417 258.547455 464.175232 308.885254
380.132141 274.162781 483.131104 248.757858
79.305878 442.477539 469.041290 311.562592
486.769714 311.604675 386.116638 257.747742
120.474152 419.788483 103.800133 482.679871
598.389709 371.103271 618.275635 440.009003
635.321228 344.174896 628.945801 392.402985
31.015841 83.662697 515.311035 450.789124
156.822433 52.029606 140.626190 129.093491
494.041595 125.463631 174.311172 208.598511
104.671600 58.070477 447.112610 85.830414
358.643463 278.564575 357.672577 327.620789
309.936249 272.769775 305.262451 319.180389
343.945099 82.108856 486.082062 344.981079
167.169846 52.544197 105.403023 56.544830
91.135239 76.389648 86.450546 65.377983
492.954132 403.648590 289.631805 294.155823
101.009247 240.282776 53.098984 275.060120
88.479172 420.975922 448.835907 179.902802
321.556061 253.544876 315.126099 299.334991
156.036530 268.549194 119.477150 321.655945
92.284767 432.904999 77.573311 498.732269
218.693054 326.184357 211.478897 376.470032
294.421875 173.787338 268.952332 214.252609
299.748047 211.387711 287.800140 256.585693
32.784657 426.200439 64.933449 365.424011
530.200684 222.494492 313.601105 345.621216
481.376099 448.235931 452.632263 348.148590
510.774506 126.932091 333.244568 139.496078
591.350220 343.098053 591.019653 398.823914
251.629761 280.848969 240.943253 325.139801
297.947144 250.241089 288.352448 295.791504
251.745560 276.170837 241.607880 322.179077
317.733765 181.769165 454.937500 372.622620
456.525696 104.614510 447.452576 315.866882
363.197327 97.065285 336.467621 131.234039
76.270096 159.057587 353.796509 173.208298
704.172546 247.267715 677.991638 305.564026
703.863403 261.380524 678.017029 316.267792
65.625351 389.732178 36.375694 450.025299
167.614807 280.186737 272.376892 364.739044
464.516174 184.581802 453.016907 231.557724
82.529778 154.372620 15.474359 172.106003
56.921535 393.482605 25.220560 455.768829
454.838867 340.877106 463.836914 392.770447
189.608780 228.979141 388.805237 262.140076
368.998718 222.672791 352.511536 269.885742
449.563049 280.388977 450.664124 331.376007
581.276855 154.791260 562.647949 217.808884
321.861206 49.093254 286.127350 73.125015
384.630127 191.386093 372.963409 234.853500
561.052002 348.525665 562.852783 398.410004
495.626953 214.631821 390.909454 265.858917
81.174980 353.003723 48.384995 408.029663
601.421692 513.339172 54.254780 462.695312
379.766205 258.583069 160.394089 263.517548
265.502930 359.236725 269.107330 414.091888
140.802505 239.224609 103.334892 277.646149
652.176697 156.863678 622.586121 209.219559
642.781494 195.247681 619.748718 250.511551
469.411804 201.246017 488.084869 290.835022
490.768036 261.092346 484.398773 210.460770
590.164062 219.272614 575.497009 276.417053
384.318512 183.979141 372.383087 226.684784
594.758240 101.288460 566.781433 152.323273
458.830811 390.579865 474.328522 447.929413
246.197662 352.960144 217.573044 405.994019
634.380615 130.770889 442.288422 263.808167
215.134201 259.864105 199.281479 303.184052
282.353088 155.322067 256.037262 188.098083
507.285919 99.124451 486.519409 144.575134
142.053192 114.783394 88.376900 135.093201
324.683411 202.903351 311.317291 243.812317
92.726250 327.416290 57.275482 376.890503
577.670898 551.925354 299.023529 306.164673
355.469971 267.299805 352.511688 315.519867
121.195778 69.318130 49.963566 71.294052
35.978477 465.839478 14.364619 542.340637
463.359283 99.297310 441.982391 142.009964
209.912354 357.503326 316.953430 401.045135
489.517792 477.874084 512.638794 530.874634
584.376648 473.929169 598.503235 517.151611
500.891632 431.075684 517.481628 485.723907
478.532928 395.227264 492.479492 446.807861
420.708130 518.966614 51.907772 458.580627
524.542542 490.560974 535.867188 519.751282
492.936127 262.340668 483.256439 187.606491
269.023224 251.267441 256.210724 295.284180
133.081345 339.178650 106.994469 406.412140
618.446106 417.522888 620.026978 470.136993
116.083435 134.024124 54.862747 150.203629
279.291077 193.882507 258.875031 231.299225
290.816956 273.850525 478.940674 350.543671
69.216393 81.665451 318.226013 291.969421
199.481186 259.073151 460.385590 388.123199
158.260101 278.918579 130.695297 325.357880
320.511597 65.765907 286.169586 92.233284
486.114349 472.266937 508.206207 524.378296
433.068726 246.841888 611.794434 216.585678
277.278381 245.763306 265.418427 289.881744
69.917000 127.042053 611.290405 127.691887
561.095703 371.173157 564.914246 425.885529
106.898331 159.031021 294.386139 77.686775
374.037018 140.293137 407.953857 140.255722
570.300476 379.327515 575.656982 431.309052
320.516083 302.930786 260.088348 346.071045
378.547028 327.023071 382.170197 378.757446
463.027313 396.174072 477.937439 449.950867
502.505615 320.299347 52.131855 128.557617
485.172180 508.977448 517.866394 349.001892
269.472321 238.746460 256.963806 278.525726
139.967300 70.823303 73.098434 78.077957
119.021667 300.926605 627.334167 330.582275
627.117737 310.591522 616.352417 358.193420
42.401310 265.691650 399.225250 120.349304
187.717926 399.145599 185.303009 457.211945
339.879700 224.402832 330.025177 268.181549
458.345093 316.126892 195.178802 303.060974
279.252502 213.971008 262.771362 255.830063
216.580917 247.229004 190.476395 285.755615
337.567657 43.950523 348.308319 106.419357
199.331757 55.675446 144.919785 66.388512
145.034073 221.350403 106.288200 254.018768
65.280632 205.956009 170.261124 179.192551
35.810688 482.011932 605.678040 115.589157
34.225895 101.026497 623.567627 212.389465
117.472977 223.579163 259.128143 277.553528
296.885498 157.583893 536.055603 303.615509
156.787735 163.475281 109.515533 189.965317
649.095947 312.572754 638.040588 365.668762
267.843445 251.443085 260.594788 294.713043
495.093597 177.406693 484.697754 157.771591
173.255814 193.975601 611.902100 525.950195
380.786865 316.770935 384.018524 363.259888
523.691162 320.859955 525.335022 373.310364
481.529419 200.694138 472.107452 249.932190
44.773624 220.085541 290.957642 289.151733
311.380737 157.452057 45.206112 268.638611
640.378113 187.910294 620.829651 250.667877
548.718872 59.254833 518.209534 106.731873
225.123779 220.283661 200.917526 268.480774
500.682953 510.845337 381.577271 249.499542
289.945068 303.344086 605.926270 423.976501
410.706360 330.904968 155.203476 258.438293
156.954132 329.069000 408.739471 452.647552
520.476440 228.349976 510.392181 277.285950
268.358063 217.778366 249.700302 257.696930
607.318909 416.542786 612.400818 466.703918
264.967621 361.055817 461.342621 367.848694
612.506958 363.005646 611.380615 413.601868
16.989845 231.084564 502.181152 231.728485
83.797867 308.301178 233.603683 360.839752
286.696106 182.276840 266.177185 219.772430
373.363770 133.365326 350.252228 169.370483
646.954163 76.577126 459.542847 335.008514
74.487335 472.438690 61.435440 546.289612
617.631287 392.891327 618.968079 444.500458
152.847321 140.952850 101.812065 163.847534
573.537598 292.768188 568.535645 345.211243
214.734116 271.648834 426.725342 463.489227
267.689331 396.698639 277.233948 452.086151
144.211563 222.826218 105.151543 256.679993
98.034096 366.913025 74.955704 425.426056
157.030518 287.474121 133.335571 333.419647
221.463699 334.804565 212.419907 387.060028
542.456421 46.877995 620.709412 379.492340
130.757050 279.017456 571.234070 509.098907
488.815735 530.806458 78.814003 86.077133
411.977722 60.915806 382.838593 95.216278
309.399048 330.663147 312.773621 382.540894
522.985657 459.071381 439.213806 280.560547
209.177414 321.052826 232.802780 373.021423
499.257385 475.970673 517.439758 516.062317
607.570679 364.500153 186.359436 297.301849
148.312820 222.016144 110.940987 257.566956
391.213104 204.873856 455.756012 242.718277
58.111744 179.761307 381.251862 176.424744
473.202759 395.254578 488.793640 448.853912
98.332207 537.687073 370.408142 230.834457
75.812042 429.177368 61.285473 503.922913
478.036835 354.690735 487.164032 407.686371
487.987762 179.019333 475.242432 227.554352
346.469574 53.299004 312.854431 81.064659
292.990692 190.147461 271.135071 223.357132
301.940369 269.976959 295.023682 317.202026
639.121643 162.983566 495.846893 332.618378
520.444702 397.166656 543.958008 451.814270
526.562927 426.635193 542.170898 478.501190
577.495361 320.479156 575.894714 372.470154
638.717346 231.624924 621.756897 289.714294
603.209106 468.074554 615.140076 516.885986
58.786167 452.283661 41.408787 525.898376
629.590454 351.528473 624.437622 403.743256
260.873657 374.053558 354.942657 221.116074
578.243591 461.096863 591.999878 510.715607
628.682983 342.209625 621.434753 394.091614
173.602615 236.935623 143.398727 274.971161
677.247986 296.605835 660.933838 351.293335
80.641151 361.059479 668.986572 339.103241
547.153259 445.255646 562.152649 495.582153
32.320015 80.549881 143.851517 131.257477
363.182281 118.362961 339.606415 153.676666
406.646271 193.205139 395.333130 234.271835
451.387177 134.422791 444.521820 345.361420
55.973267 166.495346 584.649475 403.793060
520.518860 140.128006 501.141968 188.052460
505.412018 525.703491 120.560730 90.955284
361.627716 242.601562 356.010620 288.805786
375.719086 72.262108 345.421143 110.158073
650.859436 307.203979 639.403137 360.174164
459.122375 283.286102 602.019226 519.017883
591.193726 101.149902 566.658264 155.125031
544.845154 272.235474 540.724670 325.822266
339.690430 268.942230 336.816193 316.919495
170.279526 71.008545 620.303406 218.645416
571.808350 367.338013 575.439209 419.466919
242.136765 361.077606 243.125214 415.880493
456.212860 325.135559 463.025635 378.616913
416.360016 120.983185 396.213135 161.071701
71.648773 357.998688 487.142975 289.887939
469.115326 451.470886 490.709076 507.285645
143.260300 310.385010 226.691956 296.953461
475.330536 248.247955 471.287445 299.700958
176.477081 42.776608 114.808456 52.081863
435.999451 139.712280 418.334991 183.308746
33.193951 227.979782 490.883026 289.384796
684.588196 272.095154 652.007751 122.180382
558.848511 65.723106 528.960876 115.221451
597.046204 104.137276 657.763184 223.915939
198.336853 303.132111 527.793762 324.186340
342.213348 221.686508 671.929749 98.252693
340.844330 333.822693 157.119690 415.162598
14.625896 407.051208 133.438293 205.584808
75.892975 108.637047 90.962479 74.892365
388.436310 199.120544 376.517029 240.871658
440.965515 212.893204 554.060974 465.132202
543.674744 291.621307 173.753571 279.421326
389.445892 340.105408 397.739471 393.098724
532.151062 237.697830 524.864258 289.253418
49.055149 95.309082 68.797493 166.815201
321.951599 327.258942 325.813934 379.190033
504.074127 531.613098 66.480499 134.307053
421.930634 244.464478 418.373871 293.288879
633.007385 333.372162 140.636017 361.545776
15.164328 87.774117 160.006027 259.447479
440.550446 327.745941 447.804047 379.526062
588.992065 394.751251 592.828735 445.830200
270.244720 210.840225 252.124466 250.372818
484.883362 99.381813 621.202576 286.976349
107.879074 292.679413 71.639709 339.591156
46.697132 68.894638 134.918503 103.858627
232.428299 253.275330 233.767639 79.201859
112.712555 308.147339 39.214500 540.097839
262.421631 197.317825 239.023407 235.091583
197.520142 374.328918 195.014282 431.064178
128.479202 351.951843 72.661179 224.745712
277.352905 179.053528 254.731766 215.335709
69.598953 228.848816 680.684570 392.814941
448.037384 152.109818 431.558655 196.598038
367.226624 379.005524 380.699524 433.837067
461.222321 318.236359 470.427063 355.078766
85.004074 350.171875 327.522614 446.061707
413.108185 342.942841 379.910767 306.763794
262.766357 85.331329 225.297470 108.801888
656.195679 412.464905 653.514832 461.469055
545.947571 431.520325 559.149719 483.168762
442.820862 283.873108 436.078064 305.756439
317.165405 265.669067 392.097992 267.825775
23.665823 121.254585 407.158325 295.169281
440.408386 297.356384 443.574890 348.277863
610.817444 276.102325 362.624237 214.915482
508.916565 265.242035 506.016571 316.761353
214.699615 271.639038 515.322205 251.128098
300.148224 179.027939 280.104797 216.387100
619.320862 63.288841 586.351562 120.553040
584.005737 537.724365 80.765083 433.026215
21.693195 119.210724 32.426132 416.751221
126.310051 91.037994 60.201241 109.071861
92.399368 158.748642 137.061905 320.664215
330.417755 199.816315 148.533508 130.011871
461.492584 453.275360 482.782867 507.816040
686.551636 346.422821 522.548096 221.378021
17.482994 95.328308 317.832336 309.729614
21.820486 306.098633 218.507263 444.647430
607.847534 67.589516 574.924194 121.610413
471.925507 297.300629 475.958649 351.569336
206.374542 236.145493 444.993713 170.748779
279.872528 353.118378 283.888977 407.092010
451.074554 393.417023 465.981110 447.386566
127.155365 297.959747 13.825268 141.090027
390.061554 191.568695 374.117218 229.548676
495.466583 301.263977 22.199972 271.960175
382.849121 286.267181 103.940857 132.418396
80.433777 386.149902 430.883820 372.107758
432.073486 324.424072 437.748962 376.042236
123.323570 368.639221 564.413086 499.544678
226.282715 372.176758 233.847366 415.076172
171.435165 197.855377 133.887466 229.876770
619.234741 402.348633 620.056335 447.177032
536.000488 317.904663 537.091553 370.131805
463.237366 476.221771 487.941681 530.334839
483.934326 90.204086 458.436829 133.122253
38.226383 348.758301 455.646088 139.590393
393.689270 281.751434 393.802765 329.366760
157.539993 101.007889 100.469078 116.248741
646.512695 110.464104 616.277710 109.911644
229.936981 378.132721 231.877853 435.108459
394.489990 189.861206 382.931000 233.711517
109.550575 419.743408 97.087807 482.960602
400.095612 302.373383 405.119049 356.374451
153.510223 173.775940 520.937683 510.082397
577.220703 250.459824 562.667297 514.310730
127.433243 89.016861 567.183411 135.699646
129.471268 405.012756 119.900032 466.691315
596.886230 502.431244 611.869446 546.692261
346.833191 274.056519 345.501282 322.202148
149.091583 220.334656 110.234688 254.288574
595.640015 135.327667 570.089050 187.191315
66.883141 267.150970 461.545776 143.710693
559.850952 426.457397 573.218079 474.007629
99.544624 170.690674 571.942993 216.753174
72.666504 349.980286 162.431503 288.512848
224.060974 396.688080 228.122742 456.953552
615.170776 318.934387 358.441071 195.594162
364.956360 325.897400 250.864883 383.443176
70.177834 406.814423 57.679874 497.060730
492.350677 326.160034 303.094452 68.914246
358.771454 63.604221 408.162048 161.022461
668.125916 30.578884 591.681030 81.099205
248.971375 245.225113 375.862030 216.244034
445.328003 197.687531 348.253448 134.795914
271.018646 150.898163 250.873627 179.873962
462.524780 216.645737 111.921761 272.113220
447.549316 154.371155 432.189697 200.108139
460.222137 248.601471 624.989746 89.796272
499.823181 528.674194 61.640083 114.528397
76.755440 370.174683 466.269928 235.407745
553.375610 383.792633 561.955322 435.675934
297.215851 317.100098 297.752258 368.564728
439.974548 370.139557 452.302246 423.316345
189.044571 205.349609 479.524658 187.353119
214.560242 152.499542 182.456329 179.192337
591.142151 213.102585 575.605652 265.741577
490.350464 318.892181 601.419373 416.731415
317.830170 412.029968 333.555237 469.863556
673.304565 347.375610 661.048157 398.499817
149.024658 98.021622 472.681000 188.492508
392.734650 124.062538 370.470001 164.174896
480.420532 222.891525 456.227966 419.269196
401.059448 225.818497 394.978210 272.827393
508.993256 273.782776 507.033356 326.132294
106.079750 554.206055 340.547516 359.674316
444.380280 349.827545 424.723175 211.281265
605.236511 420.823273 563.964600 511.197296
703.442932 57.862358 658.822998 119.558670
257.395081 192.006073 231.082489 231.355560
71.183075 244.479980 16.103937 278.401917
125.187767 146.379913 483.870392 388.083588
356.739471 123.656105 490.264221 308.753174
470.693176 282.330963 296.319672 100.804558
251.195084 54.374180 496.803192 351.610199
533.782532 515.136902 83.177864 374.681427
12.265359 391.321899 115.007553 282.289581
172.540741 228.122635 140.852158 265.038940
501.285889 85.503693 522.978088 278.963257
478.696960 176.702728 466.243622 224.477142
53.005665 399.500214 20.644987 461.187103
459.921356 402.828888 475.877045 456.443909
280.343689 326.259430 59.467430 542.007690
598.141602 377.846680 600.723145 430.505890
371.997070 55.893555 340.785767 88.076866
287.147095 270.227844 429.121887 442.966736
331.293579 70.181290 297.237244 97.261162
393.290222 279.930573 387.737152 314.889038
257.133392 415.997559 268.368561 475.795013
584.015015 269.275696 570.161560 173.186737
602.896179 393.540833 607.238586 443.971558
54.622768 245.620178 356.366150 167.012589
279.949371 392.803253 289.590546 449.848633
526.085876 247.056229 519.933594 299.669891
497.117096 212.775284 70.577385 154.760849
72.970917 259.218445 23.040134 298.520447
648.903992 294.852142 630.802917 360.997375
620.889648 272.772125 604.222900 439.947205
537.009583 428.026367 357.045349 82.826981
171.421387 182.491959 506.907684 170.148590
364.902527 324.269592 370.132446 376.381409
429.100464 359.591125 440.887482 412.903107
681.661011 341.613190 667.728027 393.902893
605.987244 456.890686 615.412170 505.285492
608.048096 370.980072 608.758911 421.960297
598.942810 115.143143 570.787964 202.115021
60.308640 373.125458 27.702000 431.192230
402.934113 303.004089 406.864380 353.934235
155.678040 103.945107 494.741364 395.429321
452.070984 363.424377 463.147491 416.477814
390.654358 203.222488 382.380127 251.338531
313.013184 249.124939 304.774353 294.307220
36.694668 166.369568 457.059875 339.804993
561.278931 435.242584 572.428711 485.355255
85.201241 77.965302 23.069057 316.091766
124.986465 372.171875 39.060596 246.213455
573.866821 446.046570 465.860779 134.160461
257.307495 358.284363 258.524628 412.952301
77.459969 372.160675 118.197952 417.324860
148.167130 156.940826 611.121826 199.298447
231.376648 253.261536 213.298065 296.157776
530.743530 196.616165 220.089310 206.293060
118.047302 193.945801 470.227600 246.781662
489.479614 134.763275 470.301971 180.813019
150.823013 110.724464 607.642578 85.139450
460.919128 132.778625 442.212128 176.144730
302.889679 149.701889 279.427277 184.430542
601.253174 100.014008 569.930786 152.587509
462.579041 211.349075 94.841011 452.657410
556.000916 278.956665 550.541870 331.099609
234.768143 326.667145 226.913834 381.301086
350.386200 249.877991 342.244263 295.798340
390.254028 343.873810 398.420441 395.767029
477.458008 336.210358 537.216125 220.225815
380.814697 156.436935 368.420471 197.325500
327.051697 196.950974 313.138336 238.418655
642.339661 312.913055 372.555176 198.089386
171.280365 67.290413 628.630615 90.840836
688.151123 266.802490 596.113281 423.091278
78.677032 463.408295 64.659676 538.992126
215.638901 58.102135 222.927979 74.854370
699.481445 313.364502 680.821960 366.978546
254.724304 354.888062 260.041840 412.289459
238.898300 309.399628 135.315872 320.696198
383.729462 246.576263 24.872557 423.696838
405.214294 183.256699 393.465881 226.909042
153.337799 413.184692 145.293884 476.717285
140.131439 346.666809 121.241867 399.534180
517.154663 381.653839 527.761902 433.840240
165.568451 145.326340 584.844910 137.124817
472.871613 289.551636 570.732788 172.035034
301.394745 244.933517 359.361694 110.689621
602.569519 422.322021 384.956390 184.442337
125.490990 545.120239 480.957794 473.094086
30.394644 377.870331 506.142517 185.837738
46.218906 558.400391 63.345234 549.655090
571.295898 104.141342 545.235229 156.124954
613.583557 480.528290 625.931641 527.296631
379.949677 192.641541 462.222900 433.876251
693.014465 289.504059 16.918550 350.955719
72.777039 193.230057 513.035950 194.202423
274.492767 384.962067 388.668213 242.690582
599.765076 480.081635 615.098816 506.629242
391.860229 464.363220 417.119171 523.685913
586.530701 374.127258 207.452026 344.396362
57.025654 410.375732 30.803549 478.405609
516.222900 458.165955 575.919067 322.487122
426.058136 389.075806 440.782410 443.171478
594.351624 134.424500 511.006744 51.966953
111.907776 191.939026 59.359394 220.251694
588.479553 63.791954 432.977997 260.282715
633.018127 495.087433 233.688110 273.407898
487.503265 379.239349 501.393585 431.693176
467.986389 395.805573 482.153809 447.129028
78.396446 49.046600 53.686920 488.850616
425.794647 365.993256 549.278320 71.020416
148.986771 99.528618 60.920105 302.761475
97.084267 171.931061 569.774963 183.028961
640.381470 274.965302 628.168152 334.181702
617.453857 479.859985 628.560913 526.853149
650.044312 235.830673 627.927185 279.641907
456.627258 273.315918 523.957214 65.367165
647.004089 167.936157 595.733521 82.097366
451.263519 347.190643 460.808868 399.031738
119.571976 366.062469 530.541931 66.889015
92.670876 261.194336 492.430847 153.519989
654.963379 367.355957 500.881470 102.027184
696.686646 265.784058 672.154541 348.780609
483.146637 437.901978 364.605103 93.303658
511.042328 143.593735 568.992676 303.750946
450.555939 265.573486 407.347107 250.452530
309.961365 335.922882 314.990509 388.767700
617.667908 294.042053 602.723511 424.302643
426.110291 193.738373 411.654358 234.429550
576.382446 71.149597 67.106728 325.283722
68.388504 411.420074 35.051403 477.027039
348.582092 259.749481 360.802979 163.334778
92.536293 400.911255 606.444946 431.109467
166.536621 137.202164 120.173737 157.567520
656.092224 310.661865 631.094666 221.919952
426.225098 377.173584 441.324585 434.038940
439.764465 368.167023 451.985046 421.280487
685.999084 55.016903 541.257568 69.205658
471.541992 306.093811 49.128815 547.711304
651.780579 28.418095 598.791382 82.886436
376.717957 304.101227 379.839905 355.128754
206.289490 398.999603 209.682114 458.100006
73.239891 329.927460 109.086021 207.773605
