238.776382 126.323792 263.330322 95.085930
102.190636 349.978455 199.046021 173.857880
488.561554 338.703796 303.741974 48.409748
617.956726 375.839905 573.611084 150.992386
20.301172 135.345123 452.671906 188.148224
17.690636 43.609119 404.761841 191.279053
186.332687 99.225174 476.521881 418.120636
109.219231 51.259747 207.718323 13.511789
674.560547 222.719864 430.334625 190.638596
357.646912 255.888062 338.199463 120.871132
342.441406 332.515076 639.983582 54.059395
360.762939 242.477692 318.476196 187.019287
328.662842 258.799683 382.119965 194.091919
248.645874 28.838427 327.314270 180.985794
266.214752 120.820259 289.334869 262.533112
527.047668 182.027802 352.755432 168.125015
264.264862 267.275726 371.378540 197.939713
139.423386 204.156601 323.523926 196.991714
45.174828 135.700943 349.104431 121.223473
130.517090 247.551743 492.121735 458.941956
667.354980 340.691193 499.429382 464.010834
254.188507 128.512466 277.700928 94.939255
341.881226 261.074951 391.484650 195.563461
53.628704 286.211975 190.792221 14.107150
142.926056 278.870758 323.652466 175.944962
550.403687 293.132019 177.327072 223.021072
181.651871 152.220428 459.997375 105.142502
422.598175 272.232178 639.995483 38.967266
171.263580 276.920868 166.493973 217.808197
559.524841 200.398865 555.039612 150.696228
156.725082 439.129791 289.391693 131.457321
104.239189 238.297104 248.517136 163.296478
446.246368 510.062927 238.563812 316.338440
604.120483 452.257263 477.979187 64.443787
521.151489 287.044159 475.236633 27.427956
551.381470 86.366653 275.510712 258.689941
203.992233 207.400375 240.485550 124.958397
355.241608 278.805786 384.045837 171.802322
360.120758 207.327896 93.063576 176.224503
199.069092 91.978783 236.428635 69.882942
376.255341 217.972229 548.685791 142.732956
417.997131 225.180603 444.655029 169.047455
489.772614 85.956146 477.373291 79.979324
215.449722 106.090363 358.912201 12.525875
231.423584 528.431274 447.696960 414.939758
36.666691 57.184978 319.373932 204.407333
42.708115 30.507288 181.328751 119.047318
316.733826 203.876740 355.653564 150.973694
370.235504 237.915024 126.493950 263.968018
123.798225 37.820869 129.029678 56.443306
184.731339 364.958679 461.239563 191.273270
79.449059 50.890289 410.339874 181.273209
485.090240 288.008453 334.115112 153.475388
405.020142 259.499512 440.767395 194.057159
94.814125 325.418182 144.890747 180.126389
105.586823 345.959351 438.735992 193.554367
153.988617 317.143005 391.415771 165.291504
143.750153 288.908234 660.242554 55.619682
330.738007 246.553299 453.163147 180.082855
331.854767 41.353611 504.036560 164.394104
342.321716 338.191956 477.491333 441.581879
491.249756 270.487762 475.968628 423.307068
298.119965 239.398529 193.082031 109.384186
71.643295 166.637619 160.219421 122.905411
161.778320 259.626221 183.430054 44.977421
18.673326 363.859711 420.419495 168.260849
600.248291 238.730103 415.960297 195.864090
463.725861 289.660217 502.431244 217.492172
325.816986 209.735886 504.704712 171.373505
103.399002 42.714314 352.607910 200.347260
332.794739 222.072403 374.252167 166.219986
110.981743 238.415115 377.780334 184.992737
50.276379 394.414673 426.254761 135.003250
519.262756 299.864349 182.979965 198.502090
353.859375 314.896118 484.808868 71.036987
670.158630 389.366364 536.079224 122.809738
195.177078 101.842911 230.876495 96.176361
184.313934 503.993347 222.502823 138.394012
373.372040 281.078491 422.403168 210.267136
67.596458 338.417084 328.078217 189.901993
572.844604 236.632721 491.997040 91.795441
147.059845 434.270325 431.031342 56.218529
37.952698 337.472778 369.919373 173.625687
244.142899 276.242920 178.289993 133.908966
583.220825 222.154449 580.063354 166.923264
247.377228 132.032822 131.151581 52.401764
408.657410 134.761078 497.747955 90.761841
104.792351 49.173534 183.693695 32.966866
560.412964 193.351669 409.350830 177.482391
337.140839 323.035553 496.512054 147.358414
562.791016 82.297508 69.886284 181.314865
28.719114 464.793976 511.381012 472.378601
133.783798 330.684265 213.804810 231.036346
513.777100 128.051605 76.710014 67.754730
195.097641 454.748810 369.896393 222.227097
289.611359 261.102631 364.515198 69.526817
560.748413 107.684959 228.252426 121.143913
357.631195 200.350128 531.386414 327.740631
480.645264 553.411560 249.569763 275.845734
297.169586 288.778839 554.256836 498.437286
333.253601 186.774429 497.944916 192.163528
605.548706 89.693810 230.567825 96.884697
649.299988 114.712097 205.755402 146.538895
66.720680 344.145386 182.130661 32.516724
281.580261 285.765228 153.980438 284.415527
120.874619 252.355042 495.732269 149.902924
163.007492 420.476318 453.821930 97.190498
532.766235 286.361145 143.837585 109.713921
515.077881 293.227966 484.153931 89.371216
642.509827 91.441269 655.373779 84.738632
455.808075 172.111694 490.691345 31.138485
190.987900 182.810471 382.456909 224.139175
493.172272 197.917160 342.622986 225.020416
531.410706 101.192650 224.777725 126.341698
416.893158 180.904892 150.595703 356.566406
104.562744 39.681122 367.305756 176.004013
333.853149 201.856140 256.981293 301.122101
553.786011 450.526367 211.682236 23.557005
626.662537 359.591522 552.553040 323.738617
187.554886 244.044510 493.498383 408.612701
124.663506 41.505222 194.441849 28.536003
232.921097 264.983459 267.173126 120.547722
392.947937 250.978104 468.307556 204.426010
501.185608 251.775299 652.080933 67.577095
481.050323 512.703979 234.753403 213.627838
350.042603 253.816025 185.927063 191.709381
608.295105 272.747711 617.480957 205.361954
79.645782 280.713837 173.282776 207.986176
237.056625 206.702820 233.214752 221.670929
303.917694 162.759796 686.277649 322.416687
217.628143 146.245712 397.926697 116.087433
406.458038 183.004517 147.099640 64.318283
130.495682 308.911041 158.282516 48.485020
254.123505 150.083191 142.311981 173.179733
470.989746 166.773087 534.098938 73.141724
331.908508 251.107483 530.050598 161.649597
84.805008 304.872101 123.126030 206.932556
353.858551 20.201866 510.912476 178.273010
441.429260 182.217896 616.621704 28.080042
549.055847 117.467079 156.195740 346.622803
232.364594 93.082565 257.120453 70.737495
148.837280 115.672462 478.172272 185.656799
25.652618 329.870483 131.414474 307.917023
112.564644 225.450623 369.360870 217.478958
296.216797 263.860382 169.801773 142.992584
212.438904 219.558365 105.164574 161.620178
349.951172 323.104767 396.696899 115.277412
503.546478 179.724319 256.939697 239.136551
362.944672 33.499691 320.876678 24.816399
446.392181 94.133987 413.648224 69.046188
284.709290 203.774353 263.994781 128.731064
341.965912 316.244446 83.566689 159.072403
336.574463 239.638458 201.722336 201.395981
176.096924 31.837244 220.216873 201.131531
580.784241 206.299637 93.726181 93.044769
530.954102 83.744980 359.123047 142.951660
127.637444 477.924042 228.759171 349.861450
628.805298 261.391754 655.213806 145.751022
191.108978 294.163239 163.143188 198.394653
179.770126 231.738312 173.471634 205.154007
93.478729 330.554932 184.821945 241.481110
164.997528 223.280212 362.850586 159.111526
619.742737 264.837158 145.756653 302.332764
160.926712 84.466843 140.786713 79.251335
365.152863 217.360855 217.364456 218.885956
192.060196 359.285553 260.528625 335.322083
85.496635 316.615967 659.031006 69.775055
292.795410 197.346924 515.641296 459.881317
127.820480 132.941132 491.476868 61.679989
349.064850 63.059177 264.698669 140.576050
686.434753 320.494934 594.408508 170.739075
51.917210 344.235748 392.278839 156.171021
190.789536 87.330544 329.858734 145.396576
459.327606 457.631561 495.133484 365.149414
535.299316 415.076294 481.727570 138.269577
389.560455 213.757904 397.541870 161.663132
429.296936 281.503967 472.789185 212.054001
91.240402 279.362335 476.695587 49.945393
255.674988 289.010132 90.845024 90.653496
700.095520 74.473938 698.903137 287.753662
488.811066 217.932617 480.038422 150.008575
367.411682 283.560089 400.759430 150.066391
156.847961 43.331066 140.648270 61.069069
87.376625 66.850266 85.852348 188.620667
139.709183 125.835899 465.859863 181.119949
286.079132 119.209534 302.894135 24.056660
374.504486 259.110748 219.705185 202.431763
677.075806 353.170471 373.699982 99.351837
207.144211 254.494095 281.176636 105.619797
474.432129 221.808121 292.380859 201.501556
506.339172 409.530457 462.940125 446.411926
114.202835 506.847473 221.481491 370.571472
107.596977 251.798996 160.771576 351.537109
17.299837 68.936378 387.358002 162.965393
108.967491 508.146881 233.312469 201.102539
83.920555 91.223000 222.255569 371.693176
630.580872 267.637512 493.940094 326.072601
500.786896 261.292206 135.787994 229.783936
284.878479 122.859314 186.565323 242.519104
338.526093 309.923737 242.503876 199.615845
543.008301 154.704788 330.812714 102.509361
277.617554 199.421585 224.749710 56.275154
58.088165 186.008347 622.113586 198.992798
514.486450 387.888214 466.223541 196.277863
338.319824 53.834423 305.432404 40.565437
194.217407 283.268585 450.588440 163.031128
189.260437 240.582840 384.990540 162.335236
350.316589 284.068481 409.125061 214.861511
42.096813 141.620773 347.785858 96.562790
253.686035 249.208984 594.312683 11.627462
667.436951 490.805328 164.246292 192.864319
557.576355 221.177124 565.213074 129.215240
348.630585 92.925491 92.128456 87.574013
553.354980 174.734894 548.931702 127.987190
188.019226 61.888844 248.533875 194.493469
636.025208 19.875698 526.770569 455.137482
96.381096 147.033295 479.638397 162.765549
37.273994 338.756927 201.229767 263.494049
252.245651 210.551239 234.216171 218.587784
320.396576 512.884705 344.127594 383.710327
59.572224 328.668427 198.904648 95.492470
187.314713 162.888641 93.381882 423.538666
498.094055 399.932159 160.623505 98.592216
137.881180 444.714172 220.049866 358.623199
198.169403 75.528389 251.283157 285.298218
272.712891 193.773392 91.747826 85.075485
471.535065 164.587082 218.123245 357.887573
267.931274 198.441299 415.727722 161.606277
438.399445 19.813156 332.213318 31.074144
138.752655 36.833584 64.825371 99.842873
552.066772 184.073196 257.772064 282.804565
265.808990 272.408386 333.165802 204.014069
477.456940 138.979126 466.503235 419.079529
487.295868 100.333916 448.975433 72.601036
353.033112 63.899506 203.030304 228.744888
227.200119 250.665283 371.373566 147.212021
277.037598 168.836853 132.257431 16.586954
243.754944 192.202713 116.473648 181.355225
111.664803 219.911819 704.220703 283.327942
30.235748 73.248283 174.740402 113.468674
506.014343 190.064697 153.136841 88.193054
397.222595 206.217850 421.306000 155.706619
223.018646 375.764954 467.794769 120.414024
439.039734 281.186798 109.746109 220.759216
648.377991 474.139038 361.056519 166.022995
462.838867 456.117737 498.528625 363.347351
464.223663 418.133087 274.934662 174.364227
385.025635 285.359100 214.287445 35.533199
92.223846 361.435669 183.427658 111.201080
210.497879 110.498741 153.150665 192.632431
189.664383 186.004883 262.946075 321.407135
376.464600 211.448227 399.641205 238.670395
123.510330 45.462532 237.754715 333.823883
422.484863 205.297714 442.310089 155.080582
111.076233 192.382919 456.001129 162.845856
590.384644 507.486542 349.655701 101.884666
463.106110 277.941833 184.957825 229.373581
630.635010 136.663162 651.960449 131.010452
261.854340 131.965271 512.996643 201.143387
231.739853 261.539001 464.811188 180.110077
209.523300 84.990356 243.000305 64.225922
69.802025 148.965683 324.435181 110.164040
510.251160 381.935303 251.842178 350.535309
195.327972 360.706360 254.132187 366.938843
341.044891 134.164169 175.041748 84.739525
488.972748 527.083862 491.733978 350.334656
361.472107 42.790176 317.731384 31.373701
123.689049 221.584259 146.280380 15.023343
337.217926 234.679703 186.656876 132.832977
286.545593 132.419739 401.342773 93.599281
100.102631 126.683601 471.822784 93.883263
173.471130 235.449875 486.546997 423.055725
153.492645 27.505243 179.535812 96.669975
135.066925 119.918495 82.139908 54.690117
151.847839 237.888489 165.853577 89.009811
85.991066 254.456116 650.848022 244.117340
299.095947 257.899841 651.086792 214.084396
190.167542 458.558655 605.324463 181.569946
350.554626 272.242767 273.406738 165.123840
513.184937 307.591827 658.190125 164.411179
573.801270 188.128479 497.657440 476.705505
556.468933 214.194809 416.499542 135.400177
171.560211 378.634796 615.531860 181.778275
457.672394 178.952042 419.315155 184.198166
529.464783 240.242462 494.810455 46.082188
69.627083 257.699738 543.565247 145.870102
132.768158 288.419281 100.414597 392.338318
140.948196 92.431091 564.748596 176.629669
265.286377 520.716125 621.894836 352.984741
160.779068 295.065399 88.205849 350.032684
524.646301 305.233154 490.586060 184.941635
241.054474 102.285896 264.214600 79.950912
136.901047 242.189941 552.519958 83.889107
423.540344 237.679153 552.833313 239.085190
133.993286 116.394722 671.575500 49.512630
260.163116 191.829163 211.442261 405.581940
62.057358 333.024261 258.947357 229.458527
409.087891 134.637604 425.071533 97.689491
523.199585 152.790451 553.383179 338.331177
490.880402 217.592621 166.013397 285.781006
132.795898 167.056625 488.771881 368.023834
175.425812 419.425476 471.851990 174.922638
488.892548 278.355011 441.307770 119.944023
506.993744 158.334732 648.889526 245.034210
43.104576 70.094849 626.665527 211.815140
534.368652 182.638992 422.426483 230.057892
100.821571 304.277344 190.750595 222.824066
175.777679 453.162994 264.346558 267.825958
534.131470 297.056488 259.933502 327.516479
509.245270 510.780365 214.052307 80.536400
275.949310 293.144501 422.426636 417.161499
326.758423 354.606873 399.168335 266.003265
286.534149 149.491272 240.850662 237.482040
24.192295 475.643188 523.731628 153.662811
680.569763 401.663116 676.604065 281.813965
226.969833 230.908493 482.387390 410.366364
16.868385 285.616486 163.898315 272.429474
562.730713 116.568840 548.461365 91.129616
104.584244 209.346024 153.927734 230.752441
314.221619 112.174355 338.203979 84.497910
388.101166 32.999336 340.378601 23.685369
183.921829 375.999268 212.808319 421.491821
500.112701 73.272881 175.404419 313.862854
134.399734 41.529770 91.474358 332.913727
485.780243 78.783127 531.077454 108.207832
139.569733 83.991806 248.581726 44.511089
549.003479 109.718330 215.045837 394.941559
145.811584 492.180542 246.547165 333.081451
548.261047 138.505798 599.613770 178.634583
650.510986 73.286087 409.996185 153.808060
156.836319 227.552917 390.856232 89.349709
480.262695 558.730896 548.858582 467.154633
150.961395 158.362854 579.038757 181.842590
136.093124 481.072632 201.903030 276.616119
110.321724 23.715309 204.358612 405.506165
558.052979 94.120422 612.768372 184.934784
383.410950 292.416229 438.646790 221.106339
431.678497 205.000153 569.143982 238.209915
568.670776 160.250259 98.195213 73.810806
350.348755 298.885040 532.368469 473.242310
441.105164 199.802460 426.909302 121.696144
200.713013 69.875404 506.179413 429.434357
480.752747 490.221405 232.894608 204.249069
547.218201 152.831253 665.934753 80.260262
497.869110 140.342041 363.963470 57.396488
187.030136 124.214500 545.161560 200.234726
193.715012 251.213074 215.625977 161.019241
334.577148 81.253082 305.699371 59.995476
159.605835 406.595917 238.561447 284.939514
348.814606 177.076126 301.876709 56.348148
173.919373 291.962524 665.604980 65.781075
155.577515 228.246109 408.811920 99.596992
128.149628 87.359200 632.690613 217.178299
150.980881 443.911835 192.759048 128.885925
225.237152 371.127441 422.406494 407.892914
577.514587 159.962708 243.274277 258.347229
513.007202 203.624924 456.208099 113.402565
456.684875 501.268494 507.251984 431.090027
473.048035 496.330994 164.201981 86.277252
147.465485 174.510422 145.827591 97.743195
161.391541 407.123718 242.683075 287.897308
16.384178 225.673828 298.350311 80.642143
556.881836 473.459167 570.886353 355.675812
504.390320 403.255737 167.300568 68.901863
545.521790 245.233124 471.101196 462.680237
57.513000 163.974655 124.780235 177.400513
154.374649 480.120056 252.399643 314.292725
427.621735 87.637627 236.127716 17.720671
350.004883 191.916153 482.868927 467.833557
603.078186 230.297272 602.890930 172.722610
482.235870 505.860291 557.875366 224.247070
318.400421 273.850311 433.166626 346.809174
500.389709 161.201492 487.592834 84.678505
93.414299 123.975632 370.887085 235.262497
516.697693 231.109543 414.134064 250.950577
98.129456 172.183990 470.704498 181.030151
159.278015 246.368530 244.758774 45.920940
215.182465 144.174225 683.411133 354.857452
523.894653 441.016663 223.169693 158.105545
399.739685 285.377167 172.472122 165.057343
222.244949 187.068771 479.311768 218.501572
562.543274 182.825104 606.492432 303.112885
379.521210 258.792053 423.802002 194.123047
540.746704 198.424973 275.267822 304.695618
237.688110 216.717682 298.973724 166.073990
339.879425 11.572394 440.709137 440.936371
134.651932 229.711212 220.806625 452.476471
414.096100 96.257431 281.408051 192.581848
216.941605 324.471954 332.880310 298.325531
86.743523 553.809082 640.282166 223.405655
216.054001 220.796509 470.225220 163.797485
56.203716 396.108215 214.180389 165.581573
149.677612 267.203918 631.798889 61.058903
334.356262 31.740902 252.239655 43.911831
136.400528 264.346985 181.216599 92.746811
646.414246 235.001923 653.731506 189.131714
149.342484 97.680351 645.401978 190.550110
109.237823 83.700775 641.326050 337.399658
249.369431 199.543945 643.851929 319.465546
634.931213 71.728851 201.386032 395.510376
335.408173 472.117828 386.280426 379.607147
34.083855 260.995575 160.962692 178.638428
146.766968 404.296326 229.146347 285.823822
45.131020 231.634537 242.798676 53.195541
688.783203 342.320404 362.826538 229.751648
242.166992 164.559875 67.618095 276.672668
193.369843 14.763356 145.736435 392.463257
107.611526 50.912434 144.034515 53.903759
241.710068 211.277298 225.251587 335.396545
410.313354 241.449173 609.892578 511.793884
524.802551 84.273743 501.738892 55.666882
143.793091 37.899071 124.975693 46.573460
206.839661 252.847870 136.456497 167.889114
508.038116 210.652908 83.718742 115.304909
545.949646 195.519791 541.820801 91.193184
65.940254 46.700859 196.366882 266.231842
614.729736 281.382477 301.306946 387.041046
337.756042 319.703125 341.191101 237.887283
206.334549 40.115837 242.715546 34.313850
174.203400 243.746277 513.008301 322.399963
251.049179 174.361130 327.986267 275.854218
164.019836 251.702515 192.820724 49.109749
190.529984 296.779358 699.119019 45.307659
423.750122 86.536858 387.206299 63.064297
581.238708 232.221985 542.416809 133.017853
113.069656 137.989365 465.222656 124.671814
571.343384 218.688843 139.813431 402.773926
48.523968 402.192749 651.983398 185.238815
96.837364 204.452408 537.287048 474.250214
568.075073 267.000275 196.144974 51.099838
109.332634 124.568001 234.121918 195.476944
41.853325 184.389954 488.234436 356.019073
200.572449 13.598518 537.337280 499.589020
376.591522 196.253052 652.514038 335.718628
354.662476 213.115128 376.306824 51.784149
443.621246 232.140244 216.760529 97.441277
37.739456 427.945160 621.288330 221.161041
129.085022 460.521912 91.042305 54.343884
430.414398 216.317780 152.150162 293.981689
178.821518 397.309753 428.991638 95.243584
47.859539 414.903687 641.365662 238.278000
625.192871 294.987061 650.767029 336.005585
383.185028 252.493393 204.671417 392.896057
513.079834 422.610077 542.378662 121.256432
56.389675 78.935196 343.851562 90.819817
570.690430 139.546463 622.442017 392.863251
159.120880 123.128593 223.581573 160.160339
376.895050 42.490639 525.892029 254.682358
472.981384 341.527100 151.720261 221.590500
208.482376 80.967316 357.442200 234.992950
209.347733 295.011261 368.866089 487.549103
381.466370 217.230255 475.670013 226.361252
329.367340 211.208160 661.007568 249.600906
255.982437 158.339355 98.809357 458.823334
140.531815 452.817047 124.377434 433.282166
98.758774 132.470551 240.918777 41.280178
